0 0.05992141453831041 0.10317460317460317 0.027504911591355596 0.047619047619047616
0 0.1723968565815324 0.09259259259259259 0.034381139489194495 0.06878306878306878
0 0.28438113948919447 0.12345679012345678 0.02848722986247544 0.04938271604938271
0 0.38899803536345773 0.10229276895943562 0.013752455795677798 0.021164021164021163
0 0.49999999999999994 0.09523809523809523 0.029469548133595282 0.04938271604938271
0 0.6090373280943026 0.0855379188712522 0.03929273084479371 0.1111111111111111
0 0.718565815324165 0.11552028218694885 0.026522593320235755 0.037037037037037035
0 0.8349705304518663 0.1349206349206349 0.03143418467583497 0.05114638447971781
0 0.9444990176817288 0.14109347442680775 0.022593320235756383 0.042328042328042326
0 0.06581532416502947 0.4365079365079365 0.03143418467583497 0.04056437389770723
0 0.19155206286836934 0.43915343915343913 0.027504911591355596 0.04938271604938271
0 0.2819253438113949 0.41181657848324515 0.029469548133595282 0.04409171075837742
0 0.393418467583497 0.4021164021164021 0.03241650294695481 0.0564373897707231
0 0.5004911591355599 0.3968253968253968 0.03241650294695481 0.042328042328042326
0 0.6016699410609037 0.38095238095238093 0.01866404715127701 0.021164021164021163
0 0.7053045186640471 0.43562610229276894 0.03339882121807465 0.059964726631393295
0 0.8177799607072691 0.4400352733686067 0.03831041257367387 0.06878306878306878
0 0.9469548133595285 0.4074074074074074 0.015717092337917484 0.031746031746031744
0 0.062377210216110014 0.6472663139329806 0.026522593320235755 0.05291005291005291
